 0  27  12  17  11  29  22
27   0  16  11  29  11  31
12  16   0   6  12  17  27
17  11   6   0  18  11  30
11  29  12  18   0  27  33
29  11  17  11  27   0  40
22  31  27  30  33  40   0